% clear
% clc

r_BB_1_FR = [145.78;-145.78;28.575]./1000;
r_11_2_FR = [0;-41;0]./1000;
r_22_3_FR = [0;-125;0]./1000;
r_33_c_FR = [0;-204.67;0]./1000;

% Relative FL Leg Positions
r_BB_1_FL = [145.78;145.78;28.575]./1000;
r_11_2_FL = [0;41;0]./1000;
r_22_3_FL = [0;125;0]./1000;
r_33_c_FL = [0;204.67;0]./1000;

% Relative BR Leg Positions
r_BB_1_BR = [-145.78;-145.78;28.575]./1000;
r_11_2_BR = [0;-41;0]./1000;
r_22_3_BR = [0;-125;0]./1000;
r_33_c_BR = [0;-204.67;0]./1000;

% Relative BL Leg Positions
r_BB_1_BL = [-145.78;145.78;28.575]./1000;
r_11_2_BL = [0;41;0]./1000;
r_22_3_BL = [0;125;0]./1000;
r_33_c_BL = [0;204.67;0]./1000;

% Masses
mB = 4.01884482;

m1_FR = 0.2836094;
m2_FR = 0.39580498;
m3_FR = 0.23427265;

m1_FL = 0.2836094;
m2_FL = 0.39580498;
m3_FL = 0.23427265;

m1_BR = 0.28360940;
m2_BR = 0.39580498;
m3_BR = 0.23427265;

m1_BL = 0.2836094;
m2_BL = 0.39580498;
m3_BL = 0.23427265;

% CM vectors (rcm_(reference)_(body)_(leg))
rcm_B_B = [0.00413589;-0.00130815;0.03996737];
rcm_1_1_FR = [0;-0.01946354;0];
rcm_2_2_FR = [-0.01833663; -0.06250000; -0.00006648];
rcm_3_3_FR = [0;-0.09425155;0];

rcm_1_1_FL = [0;0.01946354;0];
rcm_2_2_FL = [-0.01833663; 0.06250000; -0.00006648];
rcm_3_3_FL = [0;0.09425155;0];

rcm_1_1_BR = [0;-0.01946354;0];
rcm_2_2_BR = [0.01833663; -0.06250000; -0.00006648];
rcm_3_3_BR = [0;-0.09425155;0];

rcm_1_1_BL = [0;0.01946354;0];
rcm_2_2_BL = [0.01833663; 0.06250000; -0.00006648];
rcm_3_3_BL = [0;0.09425155;0];

% Inertia Matricies (J_(reference)_(body))
JBB = [0.05339367     0.00020811    -0.00247876 
             0.00020811    0.05325583    0.00099231 
             -0.00247876   0.00099231    0.06947490];

J11_FR = [0.00027574 0 0
                   0 0.00006982 0
                   0 0 0.00027574];
J22_FR = [0.00270296, -0.00045361, -0.00000000 
-0.00045361,0.00058816,-0.00000161 
-0.00000000, -0.00000161,0.00322769];
J33_FR = [0.00302744, -0.00000000, -0.00000000 
-0.00000000, 0.00007236, -0.00000061 
-0.00000000, -0.00000061, 0.00302983];


J11_FL = [0.00027574 0 0
                   0 0.00006982 0
                   0 0 0.00027574];
J22_FL = [0.00270296, 0.00045361, 0.00000000 
0.00045361,0.00058816,0.00000161 
-0.00000000, 0.00000161,0.00322769];
J33_FL = [0.00302744, 0.00000000, 0.00000000 
0.00000000,	0.00007236,0.00000061 
0.00000000, 0.00000061, 0.00302983];


J11_BR = [0.00027574 0 0
                   0 0.00006982 0
                   0 0 0.00027574];
J22_BR = [0.00270296, 0.00045361, -0.00000000 
0.00045361,0.00058816,-0.00000161 
-0.00000000, -0.00000161,0.00322769];
J33_BR = [0.00302744, 0.00000000, 0.00000000 
0.00000000, 0.00007236, -0.00000061
0.00000000, -0.00000061, 0.00302983 ];



J11_BL = [0.00027574 0 0
                   0 0.00006982 0
                   0 0 0.00027574];
J22_BL = [0.00270296, -0.00045361, -0.00000000 
-0.00045361,0.00058816,0.00000161 
-0.00000000, 0.00000161,0.00322769];
J33_BL = [0.00302744, 0.00000000, 0.00000000 
0.00000000, 0.00007236,0.00000061 
0.00000000,	0.00000061, 0.00302983];

% Mass Moment Vectors
GAMMABB = rcm_B_B*mB;

GAMMA11_FR = rcm_1_1_FR*m1_FR;
GAMMA22_FR = rcm_2_2_FR*m2_FR;
GAMMA33_FR = rcm_3_3_FR*m3_FR;

GAMMA11_FL = rcm_1_1_FL*m1_FL;
GAMMA22_FL = rcm_2_2_FL*m2_FL;
GAMMA33_FL = rcm_3_3_FL*m3_FL;

GAMMA11_BR = rcm_1_1_BR*m1_BR;
GAMMA22_BR = rcm_2_2_BR*m2_BR;
GAMMA33_BR = rcm_3_3_BR*m3_BR;

GAMMA11_BL = rcm_1_1_BL*m1_BL;
GAMMA22_BL = rcm_2_2_BL*m2_BL;
GAMMA33_BL = rcm_3_3_BL*m3_BL;

B = zeros(18,18);
C = zeros(18,18);
% B = zeros(sizeH(1),sizeH(2));
% C = zeros(sizeH(1),sizeH(2));
% 
% save('RobotConstants.mat')